800,7200,0
810,7200,0
820,7200,0
830,7200,0
840,7200,1.224684
850,7200,9.83532
860,7200,15.87794
870,7200,21.43702
880,7200,26.65637
890,7200,31.89498
900,7200,36.63293
910,7200,41.61604
920,7200,45.26199
930,7200,49.95355
940,7200,53.06251
950,7200,54.74299
960,7200,57.21006
970,7200,59.81802
980,7200,61.13433
990,7200,62.06931
1000,7200,63.84691
1010,7200,66.0652
1020,7200,68.24166
1030,7200,70.87377
1040,7200,74.14324
1050,7200,77.25658
1060,7200,79.84521
1070,7200,82.28283
1080,7200,84.30806
1090,7200,86.86392
1100,7200,89.8865
1110,7200,92.63968
1120,7200,96.11765
1130,7200,98.913
1140,7200,102.3891
1150,7200,106.2231
1160,7200,109.4336
1170,7200,112.1137
1180,7200,116.3878
1190,7200,119.5891
1200,7200,123.5447
1210,7200,127.0867
1220,7200,131.5183
1230,7200,135.0261
1240,7200,138.963
1250,7200,142.995
1260,7200,146.6481
1270,7200,152.093
1280,7200,156.5377
1290,7200,160.8094
1300,7200,164.3073
1310,7200,167.8828
1320,7200,171.2608
1330,7200,174.5127
1340,7200,177.6844
1350,7200,180.7035
1360,7200,182.9371
1370,7200,185.586
1380,7200,188.0539
1390,7200,189.7157
1400,7200,191.3666
800,7210,0
810,7210,0
820,7210,0
830,7210,0
840,7210,2.61418
850,7210,10.94283
860,7210,17.76742
870,7210,23.55403
880,7210,28.70926
890,7210,34.00253
900,7210,39.24278
910,7210,44.27408
920,7210,49.75278
930,7210,52.59406
940,7210,54.4628
950,7210,58.16262
960,7210,59.8085
970,7210,62.67176
980,7210,65.09567
990,7210,65.98484
1000,7210,67.69775
1010,7210,69.82697
1020,7210,71.49953
1030,7210,74.29588
1040,7210,76.82385
1050,7210,79.55137
1060,7210,82.15447
1070,7210,84.06947
1080,7210,85.57391
1090,7210,87.39979
1100,7210,90.8344
1110,7210,93.32797
1120,7210,96.53949
1130,7210,99.05079
1140,7210,102.1638
1150,7210,105.9344
1160,7210,109.4861
1170,7210,113.2177
1180,7210,116.7084
1190,7210,120.3398
1200,7210,123.9182
1210,7210,127.3826
1220,7210,131.3342
1230,7210,135.4073
1240,7210,139.3244
1250,7210,143.2403
1260,7210,146.7009
1270,7210,151.0369
1280,7210,156.2204
1290,7210,160.7272
1300,7210,163.9235
1310,7210,167.7906
1320,7210,170.8648
1330,7210,173.5689
1340,7210,176.4417
1350,7210,179.5634
1360,7210,182.1409
1370,7210,184.759
1380,7210,187.4363
1390,7210,189.5903
1400,7210,191.4536
800,7220,0
810,7220,0
820,7220,0
830,7220,0
840,7220,4.147574
850,7220,11.91984
860,7220,18.78823
870,7220,25.23454
880,7220,30.72164
890,7220,35.67168
900,7220,40.38287
910,7220,45.23138
920,7220,48.64711
930,7220,51.54684
940,7220,58.41508
950,7220,62.02365
960,7220,63.8564
970,7220,66.35947
980,7220,68.00904
990,7220,69.3413
1000,7220,69.94993
1010,7220,72.08565
1020,7220,73.94854
1030,7220,75.87489
1040,7220,77.85914
1050,7220,80.41769
1060,7220,82.57024
1070,7220,84.7356
1080,7220,86.63255
1090,7220,88.37884
1100,7220,91.26681
1110,7220,94.25853
1120,7220,97.00632
1130,7220,99.81004
1140,7220,103.0951
1150,7220,105.6281
1160,7220,109.6024
1170,7220,113.325
1180,7220,116.7775
1190,7220,120.1738
1200,7220,123.9345
1210,7220,127.7258
1220,7220,131.2277
1230,7220,135.2925
1240,7220,139.2968
1250,7220,143.078
1260,7220,146.8823
1270,7220,150.8544
1280,7220,156.097
1290,7220,160.4131
1300,7220,163.3145
1310,7220,167.3223
1320,7220,169.9666
1330,7220,172.8675
1340,7220,175.6066
1350,7220,178.9076
1360,7220,180.8643
1370,7220,183.1918
1380,7220,185.7144
1390,7220,188.3212
1400,7220,190.7783
800,7230,0
810,7230,0
820,7230,0
830,7230,0
840,7230,3.458929
850,7230,13.66176
860,7230,20.11815
870,7230,26.35946
880,7230,32.03777
890,7230,37.21128
900,7230,41.88716
910,7230,46.24475
920,7230,50.40369
930,7230,57.53529
940,7230,63.1812
950,7230,66.67514
960,7230,67.99771
970,7230,69.96748
980,7230,70.28348
990,7230,70.00554
1000,7230,71.64478
1010,7230,74.18715
1020,7230,75.64699
1030,7230,76.98019
1040,7230,78.26774
1050,7230,80.14347
1060,7230,82.63412
1070,7230,84.46054
1080,7230,86.94602
1090,7230,89.15922
1100,7230,91.22768
1110,7230,94.03541
1120,7230,97.08002
1130,7230,100.4961
1140,7230,103.9448
1150,7230,106.499
1160,7230,110.0737
1170,7230,113.8438
1180,7230,117.3234
1190,7230,120.7385
1200,7230,124.272
1210,7230,127.915
1220,7230,131.6035
1230,7230,135.3079
1240,7230,139.361
1250,7230,142.9666
1260,7230,146.6901
1270,7230,150.7033
1280,7230,155.0664
1290,7230,159.4353
1300,7230,161.8884
1310,7230,166.338
1320,7230,169.1938
1330,7230,171.8996
1340,7230,173.8172
1350,7230,177.1783
1360,7230,179.885
1370,7230,181.943
1380,7230,184.1426
1390,7230,186.3896
1400,7230,189.1015
800,7240,0
810,7240,0
820,7240,0
830,7240,0
840,7240,7.441502
850,7240,15.6547
860,7240,22.13946
870,7240,28.31831
880,7240,33.12876
890,7240,38.55567
900,7240,43.30532
910,7240,47.57744
920,7240,53.73568
930,7240,61.10092
940,7240,65.24173
950,7240,67.32194
960,7240,69.66106
970,7240,71.04813
980,7240,72.43523
990,7240,73.03093
1000,7240,73.45543
1010,7240,74.71401
1020,7240,76.09155
1030,7240,77.83212
1040,7240,79.46719
1050,7240,80.72972
1060,7240,82.74673
1070,7240,84.54707
1080,7240,87.13062
1090,7240,89.68121
1100,7240,91.49656
1110,7240,94.48929
1120,7240,97.60812
1130,7240,101.1926
1140,7240,104.6841
1150,7240,107.487
1160,7240,111.1623
1170,7240,114.5858
1180,7240,117.8738
1190,7240,121.0437
1200,7240,124.1196
1210,7240,127.857
1220,7240,131.8287
1230,7240,134.9726
1240,7240,138.8473
1250,7240,142.9866
1260,7240,146.1205
1270,7240,149.8054
1280,7240,153.4238
1290,7240,157.6095
1300,7240,160.9099
1310,7240,164.9877
1320,7240,167.5042
1330,7240,170.1342
1340,7240,172.3148
1350,7240,174.4009
1360,7240,177.2467
1370,7240,179.728
1380,7240,182.0291
1390,7240,184.6732
1400,7240,186.6359
800,7250,0
810,7250,0
820,7250,0
830,7250,4.571158
840,7250,11.16665
850,7250,18.7853
860,7250,24.22229
870,7250,30.57361
880,7250,35.32189
890,7250,40.24717
900,7250,44.49635
910,7250,52.09623
920,7250,58.23399
930,7250,59.87786
940,7250,64.18171
950,7250,66.35445
960,7250,68.96926
970,7250,70.193
980,7250,70.85336
990,7250,73.05187
1000,7250,73.90228
1010,7250,75.14366
1020,7250,76.64085
1030,7250,78.39828
1040,7250,80.11915
1050,7250,81.78304
1060,7250,83.54989
1070,7250,85.27357
1080,7250,88.37352
1090,7250,90.71922
1100,7250,92.59042
1110,7250,95.41422
1120,7250,98.41191
1130,7250,102.3912
1140,7250,105.2393
1150,7250,108.3375
1160,7250,111.4527
1170,7250,114.5205
1180,7250,117.8382
1190,7250,121.0108
1200,7250,124.19
1210,7250,127.6544
1220,7250,131.2789
1230,7250,134.781
1240,7250,138.6941
1250,7250,142.2213
1260,7250,144.8972
1270,7250,147.9163
1280,7250,151.3146
1290,7250,155.8905
1300,7250,158.209
1310,7250,162.478
1320,7250,165.2766
1330,7250,167.6968
1340,7250,170.4541
1350,7250,173.1028
1360,7250,175.1492
1370,7250,177.4584
1380,7250,180.0973
1390,7250,181.9455
1400,7250,183.6829
800,7260,0
810,7260,0
820,7260,4.383483
830,7260,11.03292
840,7260,17.95612
850,7260,22.78222
860,7260,28.14895
870,7260,33.47217
880,7260,40.28487
890,7260,46.07237
900,7260,50.92436
910,7260,55.54847
920,7260,58.91705
930,7260,61.73858
940,7260,63.05038
950,7260,65.10142
960,7260,67.33247
970,7260,69.58086
980,7260,69.96769
990,7260,72.91406
1000,7260,74.67001
1010,7260,75.90694
1020,7260,77.45004
1030,7260,79.45163
1040,7260,81.26542
1050,7260,83.07262
1060,7260,84.76086
1070,7260,86.52528
1080,7260,89.14009
1090,7260,91.21532
1100,7260,93.51895
1110,7260,96.45013
1120,7260,99.64919
1130,7260,102.97
1140,7260,105.8549
1150,7260,109.0021
1160,7260,111.6141
1170,7260,114.6952
1180,7260,117.7063
1190,7260,121.006
1200,7260,124.2781
1210,7260,127.2904
1220,7260,130.2598
1230,7260,133.9054
1240,7260,137.3723
1250,7260,140.7289
1260,7260,143.3757
1270,7260,145.874
1280,7260,149.0368
1290,7260,152.2618
1300,7260,155.7662
1310,7260,158.4462
1320,7260,161.8352
1330,7260,164.7535
1340,7260,167.0213
1350,7260,170.0076
1360,7260,172.4232
1370,7260,175.7348
1380,7260,177.4381
1390,7260,178.5216
1400,7260,180.237
800,7270,0
810,7270,4.20338
820,7270,9.932551
830,7270,16.97778
840,7270,22.13534
850,7270,26.80773
860,7270,32.10482
870,7270,37.4257
880,7270,46.83018
890,7270,51.51193
900,7270,53.64516
910,7270,55.37636
920,7270,57.83679
930,7270,59.91957
940,7270,60.39993
950,7270,64.05482
960,7270,66.67612
970,7270,69.19837
980,7270,70.67645
990,7270,73.10911
1000,7270,75.40651
1010,7270,77.47291
1020,7270,78.94987
1030,7270,80.91814
1040,7270,82.56287
1050,7270,84.21809
1060,7270,86.46788
1070,7270,88.13605
1080,7270,89.70557
1090,7270,91.74724
1100,7270,94.67211
1110,7270,97.59896
1120,7270,100.6419
1130,7270,103.5839
1140,7270,106.5244
1150,7270,109.2109
1160,7270,111.8131
1170,7270,114.7207
1180,7270,118.1839
1190,7270,120.9839
1200,7270,123.6889
1210,7270,126.5427
1220,7270,129.3213
1230,7270,132.7365
1240,7270,135.6409
1250,7270,138.6168
1260,7270,141.1933
1270,7270,143.7598
1280,7270,146.6977
1290,7270,149.6642
1300,7270,151.9691
1310,7270,155.2348
1320,7270,158.9431
1330,7270,161.5053
1340,7270,162.4008
1350,7270,164.5154
1360,7270,169.473
1370,7270,173.5211
1380,7270,173.5395
1390,7270,175.3333
1400,7270,177.3622
800,7280,0
810,7280,5.943787
820,7280,14.22326
830,7280,18.60908
840,7280,24.70814
850,7280,32.11493
860,7280,35.73908
870,7280,43.02188
880,7280,50.75856
890,7280,51.7693
900,7280,52.6731
910,7280,55.75012
920,7280,57.38798
930,7280,59.46912
940,7280,61.65307
950,7280,64.0181
960,7280,65.73459
970,7280,68.61431
980,7280,70.63337
990,7280,73.34362
1000,7280,75.51373
1010,7280,78.04866
1020,7280,80.4118
1030,7280,82.57386
1040,7280,84.0048
1050,7280,85.76511
1060,7280,88.17602
1070,7280,89.57372
1080,7280,90.9519
1090,7280,93.28915
1100,7280,96.07298
1110,7280,98.75154
1120,7280,101.501
1130,7280,104.0766
1140,7280,107.0006
1150,7280,109.9606
1160,7280,112.3039
1170,7280,115.1163
1180,7280,117.9239
1190,7280,120.7832
1200,7280,123.1894
1210,7280,125.9661
1220,7280,128.7103
1230,7280,131.2073
1240,7280,133.5578
1250,7280,136.2362
1260,7280,139.3889
1270,7280,141.8027
1280,7280,144.0819
1290,7280,147.0451
1300,7280,150.0321
1310,7280,152.4625
1320,7280,155.2228
1330,7280,158.733
1340,7280,161.2987
1350,7280,162.7959
1360,7280,165.4516
1370,7280,168.0715
1380,7280,170.4459
1390,7280,172.4941
1400,7280,174.3763
800,7290,0
810,7290,7.414256
820,7290,17.98867
830,7290,21.67897
840,7290,30.08389
850,7290,37.16188
860,7290,41.48452
870,7290,46.55877
880,7290,50.18551
890,7290,51.20897
900,7290,53.25023
910,7290,54.37089
920,7290,56.49687
930,7290,58.94238
940,7290,61.46145
950,7290,63.71504
960,7290,66.68005
970,7290,69.21858
980,7290,72.17734
990,7290,74.43589
1000,7290,76.89403
1010,7290,79.40105
1020,7290,81.83386
1030,7290,84.12751
1040,7290,86.00698
1050,7290,88.18999
1060,7290,89.96258
1070,7290,90.92449
1080,7290,92.54884
1090,7290,94.92699
1100,7290,97.41879
1110,7290,99.6724
1120,7290,102.2823
1130,7290,104.6348
1140,7290,107.385
1150,7290,109.9977
1160,7290,112.2968
1170,7290,115.1662
1180,7290,117.7215
1190,7290,120.2568
1200,7290,122.5864
1210,7290,124.7973
1220,7290,127.0818
1230,7290,128.9459
1240,7290,131.0901
1250,7290,133.3154
1260,7290,136.3712
1270,7290,138.7475
1280,7290,141.5158
1290,7290,144.3013
1300,7290,147.1231
1310,7290,149.7637
1320,7290,152.7331
1330,7290,155.4946
1340,7290,159.0121
1350,7290,161.1997
1360,7290,163.8765
1370,7290,165.9674
1380,7290,168.0719
1390,7290,169.8362
1400,7290,171.6488
800,7300,.9595392
810,7300,10.12106
820,7300,18.3483
830,7300,25.01805
840,7300,33.78616
850,7300,41.2129
860,7300,43.32931
870,7300,46.1153
880,7300,47.74876
890,7300,47.9742
900,7300,50.73602
910,7300,52.83359
920,7300,55.86279
930,7300,59.24651
940,7300,61.85537
950,7300,64.86869
960,7300,67.79142
970,7300,70.7565
980,7300,73.60181
990,7300,76.16434
1000,7300,78.42362
1010,7300,80.75482
1020,7300,83.18398
1030,7300,85.14711
1040,7300,86.67379
1050,7300,89.13319
1060,7300,91.6235
1070,7300,93.01993
1080,7300,94.25806
1090,7300,96.00417
1100,7300,98.42897
1110,7300,100.3545
1120,7300,102.5598
1130,7300,104.881
1140,7300,107.2762
1150,7300,109.6354
1160,7300,112.0192
1170,7300,114.511
1180,7300,117.0963
1190,7300,119.2231
1200,7300,121.2712
1210,7300,123.076
1220,7300,124.6194
1230,7300,126.8107
1240,7300,128.4787
1250,7300,130.9507
1260,7300,133.583
1270,7300,136.1744
1280,7300,139.0617
1290,7300,141.6388
1300,7300,144.3999
1310,7300,146.9604
1320,7300,150.0537
1330,7300,153.1682
1340,7300,156.225
1350,7300,159.3156
1360,7300,161.7792
1370,7300,163.4582
1380,7300,165.8565
1390,7300,167.7497
1400,7300,169.5834
800,7310,.8230335
810,7310,8.87356
820,7310,18.48923
830,7310,26.93526
840,7310,31.63552
850,7310,40.56479
860,7310,41.55806
870,7310,41.56936
880,7310,44.14766
890,7310,46.2838
900,7310,49.20027
910,7310,52.67343
920,7310,56.00861
930,7310,59.96162
940,7310,62.9558
950,7310,65.73757
960,7310,69.11924
970,7310,72.16537
980,7310,75.35893
990,7310,78.00291
1000,7310,80.15298
1010,7310,82.25346
1020,7310,84.63527
1030,7310,86.74846
1040,7310,88.60159
1050,7310,91.1953
1060,7310,93.01683
1070,7310,94.84755
1080,7310,96.05518
1090,7310,96.53172
1100,7310,98.25692
1110,7310,100.3428
1120,7310,102.3027
1130,7310,105.0312
1140,7310,106.7475
1150,7310,109.0549
1160,7310,111.5862
1170,7310,113.5285
1180,7310,112.7545
1190,7310,117.4216
1200,7310,119.3252
1210,7310,120.9547
1220,7310,122.0096
1230,7310,124.1708
1240,7310,125.9287
1250,7310,128.2928
1260,7310,130.7507
1270,7310,133.3956
1280,7310,135.8295
1290,7310,139.2129
1300,7310,141.7929
1310,7310,144.5054
1320,7310,147.4339
1330,7310,150.0253
1340,7310,153.4178
1350,7310,156.393
1360,7310,159.0925
1370,7310,160.722
1380,7310,163.3259
1390,7310,165.0213
1400,7310,167.151
800,7320,3.799217
810,7320,11.43523
820,7320,19.99275
830,7320,26.00011
840,7320,34.12715
850,7320,36.47295
860,7320,37.5788
870,7320,39.69812
880,7320,43.69341
890,7320,46.60277
900,7320,49.75999
910,7320,54.14449
920,7320,57.76851
930,7320,61.59784
940,7320,64.73025
950,7320,67.77313
960,7320,70.49166
970,7320,73.4939
980,7320,76.56163
990,7320,78.95813
1000,7320,81.35071
1010,7320,83.7377
1020,7320,86.00042
1030,7320,88.29989
1040,7320,90.91775
1050,7320,92.94348
1060,7320,95.39665
1070,7320,95.93964
1080,7320,96.14458
1090,7320,97.2012
1100,7320,98.13459
1110,7320,99.99133
1120,7320,101.3489
1130,7320,104.2478
1140,7320,106.2589
1150,7320,108.043
1160,7320,110.0554
1170,7320,111.705
1180,7320,113.5056
1190,7320,115.4839
1200,7320,116.9091
1210,7320,118.2114
1220,7320,119.9884
1230,7320,121.9348
1240,7320,123.5406
1250,7320,125.2865
1260,7320,128.1574
1270,7320,130.7682
1280,7320,133.648
1290,7320,136.7216
1300,7320,139.5265
1310,7320,141.9452
1320,7320,144.6867
1330,7320,147.586
1340,7320,150.966
1350,7320,153.8828
1360,7320,156.3491
1370,7320,157.8354
1380,7320,160.4291
1390,7320,162.3772
1400,7320,164.1765
800,7330,14.14454
810,7330,19.34762
820,7330,24.73484
830,7330,27.19626
840,7330,30.38705
850,7330,33.01813
860,7330,35.99094
870,7330,40.27301
880,7330,44.58086
890,7330,47.98464
900,7330,52.11815
910,7330,55.73925
920,7330,59.46407
930,7330,63.1748
940,7330,65.95633
950,7330,68.87993
960,7330,71.92945
970,7330,74.69911
980,7330,77.97786
990,7330,80.09865
1000,7330,82.57302
1010,7330,85.09327
1020,7330,87.41116
1030,7330,90.00402
1040,7330,92.52727
1050,7330,94.47353
1060,7330,96.4747
1070,7330,98.0367
1080,7330,97.90855
1090,7330,98.03384
1100,7330,98.04316
1110,7330,98.744
1120,7330,100.9758
1130,7330,102.6913
1140,7330,104.8845
1150,7330,106.3805
1160,7330,107.9325
1170,7330,109.3526
1180,7330,110.9275
1190,7330,112.6452
1200,7330,114.2404
1210,7330,115.5141
1220,7330,117.3691
1230,7330,119.4101
1240,7330,121.1667
1250,7330,122.8299
1260,7330,125.6968
1270,7330,128.5651
1280,7330,131.1989
1290,7330,134.0961
1300,7330,136.7579
1310,7330,139.6058
1320,7330,142.5473
1330,7330,144.968
1340,7330,147.9352
1350,7330,151.1828
1360,7330,153.6393
1370,7330,155.2944
1380,7330,158.1947
1390,7330,160.3299
1400,7330,162.2364
800,7340,7.088073
810,7340,18.03735
820,7340,22.92879
830,7340,25.22467
840,7340,28.43471
850,7340,32.81858
860,7340,36.94773
870,7340,40.86718
880,7340,45.2208
890,7340,49.03339
900,7340,53.12301
910,7340,58.02411
920,7340,61.43365
930,7340,64.41161
940,7340,67.38454
950,7340,70.40459
960,7340,73.22383
970,7340,75.94271
980,7340,79.10341
990,7340,81.43827
1000,7340,83.91827
1010,7340,86.28451
1020,7340,88.53103
1030,7340,91.14318
1040,7340,93.42294
1050,7340,95.29881
1060,7340,96.89814
1070,7340,98.82144
1080,7340,98.23476
1090,7340,97.76804
1100,7340,97.66115
1110,7340,97.93547
1120,7340,100.0199
1130,7340,101.5139
1140,7340,102.71
1150,7340,104.3073
1160,7340,105.5528
1170,7340,106.562
1180,7340,108.1125
1190,7340,109.512
1200,7340,111.1102
1210,7340,112.8108
1220,7340,114.0663
1230,7340,116.3313
1240,7340,118.4801
1250,7340,121.0953
1260,7340,123.4109
1270,7340,126.3778
1280,7340,128.6849
1290,7340,131.4928
1300,7340,134.4909
1310,7340,137.5418
1320,7340,140.1738
1330,7340,142.6119
1340,7340,145.7475
1350,7340,149.2899
1360,7340,152.1231
1370,7340,153.7692
1380,7340,156.6935
1390,7340,159.0857
1400,7340,161.1468
800,7350,9.958651
810,7350,18.09424
820,7350,21.2503
830,7350,24.62623
840,7350,29.04726
850,7350,33.44748
860,7350,36.90574
870,7350,41.33316
880,7350,45.29008
890,7350,50.3469
900,7350,56.36339
910,7350,60.1054
920,7350,63.01476
930,7350,66.19993
940,7350,69.02155
950,7350,71.85365
960,7350,74.78034
970,7350,77.55187
980,7350,80.0412
990,7350,81.911
1000,7350,84.35313
1010,7350,87.12992
1020,7350,89.26431
1030,7350,91.41657
1040,7350,93.7886
1050,7350,95.36372
1060,7350,96.39732
1070,7350,97.258
1080,7350,97.50166
1090,7350,96.61003
1100,7350,96.62651
1110,7350,97.95193
1120,7350,98.05078
1130,7350,98.82009
1140,7350,99.98466
1150,7350,100.8221
1160,7350,101.8856
1170,7350,103.3296
1180,7350,104.7965
1190,7350,106.4587
1200,7350,108.0445
1210,7350,110.5719
1220,7350,111.9404
1230,7350,113.7173
1240,7350,115.8386
1250,7350,118.883
1260,7350,121.315
1270,7350,123.9018
1280,7350,126.52
1290,7350,129.6044
1300,7350,132.3119
1310,7350,134.7846
1320,7350,137.66
1330,7350,140.9586
1340,7350,146.2121
1350,7350,148.582
1360,7350,151.1852
1370,7350,152.3526
1380,7350,155.4676
1390,7350,157.7652
1400,7350,159.7082
800,7360,6.961572
810,7360,15.77003
820,7360,19.74271
830,7360,22.90296
840,7360,28.13533
850,7360,32.36212
860,7360,36.384
870,7360,41.8127
880,7360,47.10482
890,7360,52.31887
900,7360,57.4203
910,7360,62.53118
920,7360,64.76853
930,7360,67.75826
940,7360,70.29185
950,7360,73.07902
960,7360,75.7447
970,7360,78.29059
980,7360,80.75717
990,7360,82.92265
1000,7360,84.9085
1010,7360,86.9315
1020,7360,88.78346
1030,7360,91.30695
1040,7360,92.9586
1050,7360,94.367
1060,7360,94.94228
1070,7360,94.35898
1080,7360,94.06477
1090,7360,94.13328
1100,7360,95.23533
1110,7360,95.87144
1120,7360,95.90026
1130,7360,96.84378
1140,7360,97.97598
1150,7360,98.68896
1160,7360,99.32191
1170,7360,100.6773
1180,7360,102.125
1190,7360,103.6959
1200,7360,105.7477
1210,7360,107.3562
1220,7360,109.6357
1230,7360,111.3964
1240,7360,113.7842
1250,7360,116.4398
1260,7360,118.8582
1270,7360,121.5628
1280,7360,124.7956
1290,7360,127.7505
1300,7360,130.9634
1310,7360,134.7193
1320,7360,138.5665
1330,7360,143.8186
1340,7360,146.984
1350,7360,148.7206
1360,7360,150.7415
1370,7360,151.588
1380,7360,154.417
1390,7360,156.0809
1400,7360,158.0633
800,7370,0
810,7370,14.16121
820,7370,18.29182
830,7370,21.95645
840,7370,26.93659
850,7370,31.86857
860,7370,35.94988
870,7370,42.58539
880,7370,48.86925
890,7370,54.25404
900,7370,60.69374
910,7370,64.45335
920,7370,67.37337
930,7370,69.75005
940,7370,71.78376
950,7370,74.10369
960,7370,76.33408
970,7370,78.5033
980,7370,80.50578
990,7370,82.83176
1000,7370,84.59867
1010,7370,86.23248
1020,7370,88.17659
1030,7370,89.66428
1040,7370,90.88042
1050,7370,92.41414
1060,7370,90.45365
1070,7370,91.56564
1080,7370,91.47324
1090,7370,91.63808
1100,7370,92.14813
1110,7370,92.36112
1120,7370,93.37056
1130,7370,94.14649
1140,7370,95.0576
1150,7370,95.85839
1160,7370,96.71702
1170,7370,98.04124
1180,7370,99.48787
1190,7370,101.2732
1200,7370,103.2181
1210,7370,104.8462
1220,7370,106.8206
1230,7370,108.7484
1240,7370,111.7573
1250,7370,115.127
1260,7370,118.505
1270,7370,121.4415
1280,7370,124.8397
1290,7370,128.6564
1300,7370,132.3221
1310,7370,135.9714
1320,7370,141.1724
1330,7370,144.9214
1340,7370,146.2301
1350,7370,147.9632
1360,7370,150.074
1370,7370,151.0253
1380,7370,153.9514
1390,7370,155.6212
1400,7370,157.3029
800,7380,0
810,7380,6.138491
820,7380,16.45151
830,7380,21.13323
840,7380,26.21033
850,7380,31.0795
860,7380,36.15474
870,7380,43.71925
880,7380,50.04292
890,7380,56.50031
900,7380,61.87903
910,7380,66.48522
920,7380,69.37125
930,7380,71.99159
940,7380,73.5657
950,7380,75.19896
960,7380,77.06377
970,7380,78.82201
980,7380,80.44913
990,7380,82.59512
1000,7380,83.84813
1010,7380,85.27826
1020,7380,87.02108
1030,7380,88.06038
1040,7380,89.34342
1050,7380,89.58024
1060,7380,88.18289
1070,7380,88.1468
1080,7380,88.60475
1090,7380,88.58262
1100,7380,89.22651
1110,7380,89.47375
1120,7380,90.32759
1130,7380,91.52302
1140,7380,92.01204
1150,7380,93.22839
1160,7380,93.9201
1170,7380,95.0234
1180,7380,96.25455
1190,7380,97.03688
1200,7380,102.0639
1210,7380,103.5729
1220,7380,106.6545
1230,7380,110.7127
1240,7380,114.5011
1250,7380,117.5654
1260,7380,120.9655
1270,7380,124.164
1280,7380,127.8167
1290,7380,131.319
1300,7380,134.733
1310,7380,137.6448
1320,7380,142.4491
1330,7380,144.8721
1340,7380,145.4151
1350,7380,147.4462
1360,7380,148.3591
1370,7380,149.4854
1380,7380,152.0827
1390,7380,154.4351
1400,7380,156.2289
800,7390,0
810,7390,3.180988
820,7390,15.9752
830,7390,20.30444
840,7390,25.34619
850,7390,30.35746
860,7390,36.07596
870,7390,45.39417
880,7390,51.6241
890,7390,55.17358
900,7390,62.43791
910,7390,67.01899
920,7390,71.0776
930,7390,73.56232
940,7390,75.22758
950,7390,76.25915
960,7390,77.37959
970,7390,78.65527
980,7390,79.42145
990,7390,80.87051
1000,7390,82.50396
1010,7390,83.48574
1020,7390,85.13376
1030,7390,86.45274
1040,7390,85.9314
1050,7390,84.89218
1060,7390,84.97404
1070,7390,84.92622
1080,7390,84.26039
1090,7390,84.43279
1100,7390,86.03209
1110,7390,86.38418
1120,7390,87.38903
1130,7390,88.19276
1140,7390,89.02435
1150,7390,90.15115
1160,7390,90.66553
1170,7390,91.44971
1180,7390,94.56048
1190,7390,97.61037
1200,7390,101.4354
1210,7390,105.2701
1220,7390,108.9694
1230,7390,113.2513
1240,7390,116.9083
1250,7390,120.4173
1260,7390,123.6303
1270,7390,126.3585
1280,7390,129.9038
1290,7390,133.5102
1300,7390,137.2198
1310,7390,140.3759
1320,7390,142.3518
1330,7390,143.6399
1340,7390,143.6894
1350,7390,145.4218
1360,7390,146.9381
1370,7390,147.4966
1380,7390,149.3251
1390,7390,151.1284
1400,7390,153.5101
800,7400,0
810,7400,.2648955
820,7400,15.02915
830,7400,19.18419
840,7400,24.91854
850,7400,30.07935
860,7400,35.79462
870,7400,44.76694
880,7400,51.94753
890,7400,56.0489
900,7400,61.51408
910,7400,66.63351
920,7400,71.73588
930,7400,74.90956
940,7400,76.19923
950,7400,76.48353
960,7400,76.78316
970,7400,77.06688
980,7400,77.65029
990,7400,78.7453
1000,7400,80.18236
1010,7400,81.27896
1020,7400,81.97208
1030,7400,82.51768
1040,7400,80.60818
1050,7400,81.32812
1060,7400,81.02175
1070,7400,80.98731
1080,7400,80.13137
1090,7400,81.18779
1100,7400,82.22417
1110,7400,83.6758
1120,7400,84.48062
1130,7400,84.78105
1140,7400,86.186
1150,7400,86.61622
1160,7400,89.99404
1170,7400,93.12243
1180,7400,96.64829
1190,7400,100.1361
1200,7400,103.7691
1210,7400,107.6144
1220,7400,110.733
1230,7400,114.8059
1240,7400,118.5115
1250,7400,122.0454
1260,7400,125.2083
1270,7400,128.4754
1280,7400,131.9091
1290,7400,135.8497
1300,7400,138.1737
1310,7400,139.8549
1320,7400,141.5356
1330,7400,142.7066
1340,7400,142.7802
1350,7400,144.2843
1360,7400,145.5289
1370,7400,146.1662
1380,7400,148.5753
1390,7400,149.7427
1400,7400,151.0706
800,7410,0
810,7410,0
820,7410,13.09495
830,7410,18.76641
840,7410,24.61829
850,7410,30.37795
860,7410,35.24162
870,7410,43.38792
880,7410,51.43886
890,7410,55.52787
900,7410,60.89649
910,7410,66.23293
920,7410,71.71233
930,7410,74.90916
940,7410,75.03719
950,7410,75.30655
960,7410,75.49992
970,7410,73.87141
980,7410,74.98064
990,7410,76.26223
1000,7410,76.44521
1010,7410,77.38607
1020,7410,78.02105
1030,7410,77.6615
1040,7410,78.05144
1050,7410,76.73597
1060,7410,76.23403
1070,7410,76.29182
1080,7410,77.09687
1090,7410,77.28114
1100,7410,78.47044
1110,7410,80.32095
1120,7410,81.1471
1130,7410,83.52866
1140,7410,86.74953
1150,7410,89.58147
1160,7410,92.44769
1170,7410,95.49966
1180,7410,98.63601
1190,7410,102.2548
1200,7410,105.6003
1210,7410,109.0535
1220,7410,112.6317
1230,7410,115.8788
1240,7410,119.2794
1250,7410,122.6633
1260,7410,126.1922
1270,7410,129.6102
1280,7410,133.3243
1290,7410,135.8397
1300,7410,136.5652
1310,7410,138.3177
1320,7410,139.6379
1330,7410,140.5159
1340,7410,140.7367
1350,7410,142.4743
1360,7410,144.0171
1370,7410,143.6797
1380,7410,146.4543
1390,7410,147.9562
1400,7410,149.2315
800,7420,0
810,7420,0
820,7420,5.792926
830,7420,18.11715
840,7420,24.27914
850,7420,30.83839
860,7420,37.7092
870,7420,44.56198
880,7420,51.71623
890,7420,57.31683
900,7420,63.11641
910,7420,67.05714
920,7420,68.9732
930,7420,71.81872
940,7420,71.8298
950,7420,71.82336
960,7420,70.80814
970,7420,70.62084
980,7420,71.41691
990,7420,69.89351
1000,7420,71.35185
1010,7420,72.01886
1020,7420,73.56429
1030,7420,74.24
1040,7420,73.67901
1050,7420,72.06108
1060,7420,72.46619
1070,7420,72.42068
1080,7420,72.52717
1090,7420,73.23676
1100,7420,75.99213
1110,7420,79.22157
1120,7420,81.37922
1130,7420,85.57658
1140,7420,88.71916
1150,7420,91.8381
1160,7420,94.64642
1170,7420,98.01192
1180,7420,100.7262
1190,7420,104.3314
1200,7420,106.7822
1210,7420,109.9202
1220,7420,112.8211
1230,7420,116.2361
1240,7420,119.2198
1250,7420,122.6649
1260,7420,125.9649
1270,7420,129.0942
1280,7420,133.1272
1290,7420,133.7979
1300,7420,135.5436
1310,7420,136.2543
1320,7420,136.9544
1330,7420,137.239
1340,7420,137.0539
1350,7420,138.7574
1360,7420,140.9564
1370,7420,141.3225
1380,7420,142.9704
1390,7420,144.0901
1400,7420,145.8361
800,7430,0
810,7430,0
820,7430,12.03932
830,7430,18.96465
840,7430,24.11435
850,7430,30.88432
860,7430,40.12671
870,7430,47.49654
880,7430,51.58593
890,7430,57.30251
900,7430,61.86564
910,7430,64.1062
920,7430,65.2233
930,7430,67.32202
940,7430,66.53211
950,7430,65.53549
960,7430,64.28721
970,7430,65.919
980,7430,65.44403
990,7430,66.50385
1000,7430,67.36647
1010,7430,68.84824
1020,7430,69.66128
1030,7430,69.86554
1040,7430,68.79696
1050,7430,67.9957
1060,7430,68.36571
1070,7430,67.75191
1080,7430,70.43897
1090,7430,73.84866
1100,7430,77.75935
1110,7430,81.24259
1120,7430,84.53893
1130,7430,87.56268
1140,7430,90.66033
1150,7430,94.1072
1160,7430,97.45651
1170,7430,100.4021
1180,7430,102.4671
1190,7430,104.7026
1200,7430,107.2037
1210,7430,110.2392
1220,7430,112.3978
1230,7430,115.2992
1240,7430,118.5989
1250,7430,121.588
1260,7430,124.6962
1270,7430,127.6412
1280,7430,130.6109
1290,7430,129.6413
1300,7430,131.8304
1310,7430,133.485
1320,7430,134.5521
1330,7430,135.2719
1340,7430,135.7446
1350,7430,138.1329
1360,7430,140.6207
1370,7430,140.2003
1380,7430,142.6808
1390,7430,143.6951
1400,7430,145.341
800,7440,0
810,7440,0
820,7440,3.505435
830,7440,17.62547
840,7440,24.02461
850,7440,30.22209
860,7440,37.50993
870,7440,45.40584
880,7440,50.97113
890,7440,55.25183
900,7440,58.19027
910,7440,60.26062
920,7440,61.9166
930,7440,61.33031
940,7440,60.2076
950,7440,60.07013
960,7440,59.5953
970,7440,60.02918
980,7440,60.50294
990,7440,61.13623
1000,7440,63.14272
1010,7440,63.02675
1020,7440,64.4007
1030,7440,64.50692
1040,7440,63.92476
1050,7440,62.92389
1060,7440,64.7386
1070,7440,68.53444
1080,7440,71.81617
1090,7440,75.42262
1100,7440,79.35231
1110,7440,82.63071
1120,7440,85.80297
1130,7440,88.96808
1140,7440,93.03693
1150,7440,96.39153
1160,7440,98.62703
1170,7440,101.0555
1180,7440,102.9535
1190,7440,104.8945
1200,7440,107.3114
1210,7440,109.5286
1220,7440,111.6074
1230,7440,114.4735
1240,7440,117.3248
1250,7440,120.2244
1260,7440,122.773
1270,7440,126.0752
1280,7440,126.3712
1290,7440,126.7532
1300,7440,127.542
1310,7440,130.4381
1320,7440,131.6787
1330,7440,132.8811
1340,7440,133.5158
1350,7440,135.4627
1360,7440,137.2161
1370,7440,138.3598
1380,7440,141.6858
1390,7440,142.3217
1400,7440,143.1185
800,7450,0
810,7450,.4856035
820,7450,10.96399
830,7450,18.75897
840,7450,24.09396
850,7450,29.73953
860,7450,35.1545
870,7450,41.57504
880,7450,46.96317
890,7450,49.91779
900,7450,53.24729
910,7450,55.16078
920,7450,56.41726
930,7450,54.31226
940,7450,54.34037
950,7450,53.439
960,7450,53.2828
970,7450,52.11384
980,7450,52.93057
990,7450,54.55159
1000,7450,55.80155
1010,7450,57.35425
1020,7450,58.50056
1030,7450,59.1428
1040,7450,58.88486
1050,7450,61.66975
1060,7450,65.92659
1070,7450,70.13892
1080,7450,73.19244
1090,7450,76.81427
1100,7450,80.31744
1110,7450,83.75758
1120,7450,86.83871
1130,7450,89.95956
1140,7450,93.32601
1150,7450,96.39389
1160,7450,99.02961
1170,7450,100.9626
1180,7450,102.8356
1190,7450,104.5466
1200,7450,106.558
1210,7450,108.9528
1220,7450,111.0189
1230,7450,113.0217
1240,7450,115.7536
1250,7450,118.1942
1260,7450,120.1881
1270,7450,123.732
1280,7450,122.9059
1290,7450,124.9916
1300,7450,125.904
1310,7450,126.8568
1320,7450,129.5891
1330,7450,131.2317
1340,7450,131.9049
1350,7450,134.1121
1360,7450,136.5563
1370,7450,136.6765
1380,7450,139.7784
1390,7450,141.8488
1400,7450,142.8101
800,7460,0
810,7460,1.567375
820,7460,9.044122
830,7460,18.46777
840,7460,24.88947
850,7460,30.05205
860,7460,33.76602
870,7460,37.12902
880,7460,41.63398
890,7460,44.16745
900,7460,47.83132
910,7460,47.47152
920,7460,45.99757
930,7460,42.40848
940,7460,43.25365
950,7460,44.30161
960,7460,45.09911
970,7460,46.34913
980,7460,47.50872
990,7460,49.35
1000,7460,50.94829
1010,7460,52.58505
1020,7460,54.1201
1030,7460,56.27973
1040,7460,59.43532
1050,7460,63.76163
1060,7460,68.00652
1070,7460,71.3362
1080,7460,75.02817
1090,7460,78.4427
1100,7460,81.9584
1110,7460,84.57457
1120,7460,87.25188
1130,7460,90.21614
1140,7460,93.05507
1150,7460,95.42336
1160,7460,98.07971
1170,7460,99.84621
1180,7460,101.6509
1190,7460,103.5714
1200,7460,105.8534
1210,7460,107.8809
1220,7460,109.7935
1230,7460,110.5784
1240,7460,112.874
1250,7460,115.0359
1260,7460,117.2968
1270,7460,119.5217
1280,7460,120.2028
1290,7460,122.2346
1300,7460,123.0264
1310,7460,123.6297
1320,7460,125.026
1330,7460,127.4157
1340,7460,128.2541
1350,7460,130.6647
1360,7460,132.9314
1370,7460,134.2845
1380,7460,137.3233
1390,7460,138.1996
1400,7460,140.3304
800,7470,0
810,7470,3.34542
820,7470,10.9882
830,7470,19.42085
840,7470,25.04576
850,7470,30.16571
860,7470,31.90359
870,7470,34.45188
880,7470,36.78368
890,7470,38.08822
900,7470,39.79251
910,7470,38.34196
920,7470,38.24826
930,7470,38.23182
940,7470,39.35939
950,7470,39.90655
960,7470,40.07278
970,7470,40.79853
980,7470,42.43807
990,7470,43.33134
1000,7470,46.56569
1010,7470,50.67647
1020,7470,55.27265
1030,7470,58.16547
1040,7470,62.21981
1050,7470,65.73646
1060,7470,69.8087
1070,7470,72.28012
1080,7470,76.49335
1090,7470,79.33112
1100,7470,82.61462
1110,7470,85.51092
1120,7470,87.65146
1130,7470,89.90601
1140,7470,92.15121
1150,7470,93.92631
1160,7470,96.5717
1170,7470,98.03303
1180,7470,99.99043
1190,7470,102.1308
1200,7470,103.8257
1210,7470,105.2125
1220,7470,106.4155
1230,7470,107.8691
1240,7470,109.7567
1250,7470,111.8614
1260,7470,113.9579
1270,7470,115.4384
1280,7470,116.8236
1290,7470,118.9317
1300,7470,120.0644
1310,7470,120.6819
1320,7470,121.6257
1330,7470,121.87
1340,7470,122.5637
1350,7470,126.6896
1360,7470,129.8292
1370,7470,129.8578
1380,7470,133.63
1390,7470,135.6271
1400,7470,137.3648
800,7480,0
810,7480,8.935414
820,7480,13.56767
830,7480,20.82104
840,7480,25.0234
850,7480,28.40322
860,7480,29.53291
870,7480,31.43249
880,7480,33.19017
890,7480,34.03148
900,7480,34.16343
910,7480,33.9603
920,7480,33.58287
930,7480,33.74327
940,7480,35.40788
950,7480,33.55244
960,7480,35.00917
970,7480,37.04197
980,7480,41.48102
990,7480,45.98888
1000,7480,49.96214
1010,7480,53.82523
1020,7480,57.47348
1030,7480,61.11953
1040,7480,64.94095
1050,7480,68.87276
1060,7480,71.99026
1070,7480,74.88525
1080,7480,77.95161
1090,7480,80.52543
1100,7480,82.96804
1110,7480,85.59407
1120,7480,87.16611
1130,7480,88.62546
1140,7480,90.27585
1150,7480,91.96057
1160,7480,94.14967
1170,7480,95.90911
1180,7480,98.06776
1190,7480,99.56067
1200,7480,101.0828
1210,7480,101.8385
1220,7480,102.6649
1230,7480,103.9038
1240,7480,105.4983
1250,7480,107.5711
1260,7480,108.7834
1270,7480,110.6037
1280,7480,112.199
1290,7480,115.4098
1300,7480,116.8174
1310,7480,117.8682
1320,7480,118.5609
1330,7480,118.8025
1340,7480,119.0376
1350,7480,120.991
1360,7480,124.9965
1370,7480,125.8634
1380,7480,129.8296
1390,7480,131.1348
1400,7480,133.4639
800,7490,0
810,7490,8.549049
820,7490,14.67581
830,7490,20.44692
840,7490,23.22672
850,7490,24.9037
860,7490,25.64874
870,7490,26.46763
880,7490,28.28952
890,7490,28.80548
900,7490,29.15734
910,7490,29.40741
920,7490,29.14286
930,7490,30.51877
940,7490,30.41349
950,7490,31.07099
960,7490,36.21881
970,7490,40.64399
980,7490,44.44197
990,7490,47.78703
1000,7490,53.17265
1010,7490,58.52272
1020,7490,63.67754
1030,7490,67.04196
1040,7490,69.57721
1050,7490,72.71367
1060,7490,75.25335
1070,7490,77.41837
1080,7490,79.9134
1090,7490,82.00495
1100,7490,83.27596
1110,7490,84.60928
1120,7490,86.22156
1130,7490,86.74922
1140,7490,88.2196
1150,7490,89.81108
1160,7490,91.30703
1170,7490,92.83562
1180,7490,94.35107
1190,7490,95.74149
1200,7490,97.50481
1210,7490,98.79716
1220,7490,99.42661
1230,7490,99.39765
1240,7490,100.1052
1250,7490,102.1756
1260,7490,103.3414
1270,7490,105.609
1280,7490,107.0743
1290,7490,110.7165
1300,7490,112.8315
1310,7490,114.7323
1320,7490,115.4326
1330,7490,116.253
1340,7490,116.6202
1350,7490,118.0386
1360,7490,119.8492
1370,7490,120.426
1380,7490,125.5858
1390,7490,127.6043
1400,7490,130.2323
800,7500,2.008826
810,7500,9.501841
820,7500,16.34868
830,7500,18.14029
840,7500,19.16509
850,7500,20.25699
860,7500,20.44468
870,7500,21.55978
880,7500,22.41173
890,7500,23.17363
900,7500,23.30136
910,7500,23.92059
920,7500,24.16788
930,7500,24.99458
940,7500,27.5194
950,7500,33.86629
960,7500,37.79081
970,7500,42.39526
980,7500,47.28145
990,7500,53.07114
1000,7500,61.25231
1010,7500,64.31564
1020,7500,69.37681
1030,7500,72.03137
1040,7500,74.44013
1050,7500,76.61069
1060,7500,78.28515
1070,7500,80.17234
1080,7500,81.46822
1090,7500,82.61781
1100,7500,82.72858
1110,7500,82.31754
1120,7500,82.93237
1130,7500,83.86745
1140,7500,84.98761
1150,7500,86.14073
1160,7500,87.85786
1170,7500,89.3852
1180,7500,90.58469
1190,7500,91.95921
1200,7500,94.11538
1210,7500,94.97067
1220,7500,95.62617
1230,7500,93.27815
1240,7500,94.70206
1250,7500,95.89706
1260,7500,98.27142
1270,7500,100.3993
1280,7500,102.3307
1290,7500,106.437
1300,7500,108.7212
1310,7500,111.1948
1320,7500,112.5001
1330,7500,113.319
1340,7500,113.325
1350,7500,115.2026
1360,7500,117.3247
1370,7500,118.0714
1380,7500,120.3285
1390,7500,123.9837
1400,7500,126.3606
800,7510,5.295994
810,7510,11.30391
820,7510,15.30371
830,7510,16.90419
840,7510,15.46886
850,7510,14.79563
860,7510,14.87964
870,7510,16.21305
880,7510,18.18668
890,7510,18.72547
900,7510,18.47321
910,7510,17.9132
920,7510,20.83642
930,7510,23.77771
940,7510,30.75883
950,7510,36.00821
960,7510,40.73318
970,7510,45.05811
980,7510,49.98541
990,7510,57.57236
1000,7510,64.22242
1010,7510,69.13387
1020,7510,73.4672
1030,7510,75.69513
1040,7510,78.20381
1050,7510,79.96909
1060,7510,80.96166
1070,7510,81.94438
1080,7510,83.92848
1090,7510,84.03876
1100,7510,81.62457
1110,7510,80.34447
1120,7510,80.06253
1130,7510,80.55013
1140,7510,81.41922
1150,7510,82.50511
1160,7510,83.82912
1170,7510,85.49123
1180,7510,86.08157
1190,7510,86.69064
1200,7510,86.61994
1210,7510,86.48008
1220,7510,87.46716
1230,7510,87.6207
1240,7510,89.04721
1250,7510,90.83562
1260,7510,93.65968
1270,7510,95.74191
1280,7510,97.82447
1290,7510,101.7377
1300,7510,103.9918
1310,7510,106.5942
1320,7510,108.0356
1330,7510,110.0737
1340,7510,111.1464
1350,7510,113.2446
1360,7510,114.7162
1370,7510,115.3074
1380,7510,118.1856
1390,7510,119.894
1400,7510,121.4414
800,7520,7.72279
810,7520,12.61572
820,7520,16.06498
830,7520,14.44493
840,7520,11.6829
850,7520,8.828877
860,7520,9.04351
870,7520,10.8819
880,7520,12.7288
890,7520,13.56038
900,7520,12.80042
910,7520,18.08758
920,7520,22.63679
930,7520,27.24156
940,7520,32.61023
950,7520,37.21304
960,7520,42.29979
970,7520,46.38706
980,7520,52.75408
990,7520,60.48655
1000,7520,65.85252
1010,7520,72.71284
1020,7520,74.99973
1030,7520,77.92261
1040,7520,81.8136
1050,7520,83.76334
1060,7520,83.44846
1070,7520,82.27029
1080,7520,83.04682
1090,7520,82.77914
1100,7520,79.50321
1110,7520,77.74529
1120,7520,76.70029
1130,7520,77.21403
1140,7520,77.4595
1150,7520,78.39843
1160,7520,78.96657
1170,7520,81.01172
1180,7520,80.75349
1190,7520,79.80878
1200,7520,78.45671
1210,7520,79.80351
1220,7520,80.60305
1230,7520,81.79202
1240,7520,83.561
1250,7520,86.38329
1260,7520,89.44142
1270,7520,91.71717
1280,7520,93.55795
1290,7520,97.42592
1300,7520,99.44722
1310,7520,101.8531
1320,7520,103.5054
1330,7520,105.9259
1340,7520,106.6969
1350,7520,109.8154
1360,7520,112.2971
1370,7520,112.4295
1380,7520,115.447
1390,7520,117.3109
1400,7520,119.1719
800,7530,3.661137
810,7530,8.903755
820,7530,10.86239
830,7530,11.05393
840,7530,7.93798
850,7530,3.629292
860,7530,3.69696
870,7530,5.734129
880,7530,8.307054
890,7530,8.694885
900,7530,12.48182
910,7530,18.38119
920,7530,22.88258
930,7530,28.53725
940,7530,33.71802
950,7530,38.44819
960,7530,43.39399
970,7530,48.43711
980,7530,54.48529
990,7530,61.06996
1000,7530,68.56564
1010,7530,72.27617
1020,7530,76.64947
1030,7530,79.90177
1040,7530,84.10634
1050,7530,86.45024
1060,7530,85.43307
1070,7530,81.70794
1080,7530,80.20048
1090,7530,78.20004
1100,7530,76.62334
1110,7530,75.08051
1120,7530,74.11815
1130,7530,73.71324
1140,7530,73.42665
1150,7530,73.51853
1160,7530,73.93087
1170,7530,72.60795
1180,7530,72.63323
1190,7530,71.49628
1200,7530,72.10644
1210,7530,73.68084
1220,7530,75.01163
1230,7530,76.8777
1240,7530,79.10749
1250,7530,82.09429
1260,7530,85.24086
1270,7530,87.58482
1280,7530,89.42887
1290,7530,93.36369
1300,7530,95.47558
1310,7530,97.35692
1320,7530,99.42248
1330,7530,100.9213
1340,7530,102.3041
1350,7530,105.3322
1360,7530,108.571
1370,7530,109.8986
1380,7530,112.8956
1390,7530,114.3579
1400,7530,115.7805
800,7540,0
810,7540,.4713906
820,7540,3.686223
830,7540,3.289449
840,7540,0
850,7540,0
860,7540,0
870,7540,.7649262
880,7540,2.58262
890,7540,9.085338
900,7540,13.47362
910,7540,19.34205
920,7540,23.65153
930,7540,28.99358
940,7540,34.18535
950,7540,40.24411
960,7540,44.67635
970,7540,49.39353
980,7540,54.74125
990,7540,60.41458
1000,7540,66.84267
1010,7540,71.35586
1020,7540,74.20144
1030,7540,78.10798
1040,7540,81.71772
1050,7540,84.93287
1060,7540,83.37312
1070,7540,78.85454
1080,7540,75.85526
1090,7540,74.44264
1100,7540,73.12559
1110,7540,70.68125
1120,7540,70.13654
1130,7540,69.24761
1140,7540,69.07808
1150,7540,68.55948
1160,7540,67.1943
1170,7540,67.42087
1180,7540,67.1083
1190,7540,67.52988
1200,7540,67.72267
1210,7540,68.81725
1220,7540,70.54408
1230,7540,72.28435
1240,7540,74.68152
1250,7540,77.26774
1260,7540,80.75662
1270,7540,83.06539
1280,7540,84.98154
1290,7540,89.20918
1300,7540,91.10254
1310,7540,92.9491
1320,7540,94.89466
1330,7540,96.11818
1340,7540,97.23015
1350,7540,100.2505
1360,7540,103.6796
1370,7540,104.6955
1380,7540,108.9187
1390,7540,111.1772
1400,7540,112.758
800,7550,0
810,7550,0
820,7550,0
830,7550,0
840,7550,0
850,7550,0
860,7550,0
870,7550,0
880,7550,2.543698
890,7550,10.27647
900,7550,14.62247
910,7550,21.27972
920,7550,25.72117
930,7550,30.4812
940,7550,35.19531
950,7550,40.26911
960,7550,45.85663
970,7550,49.7505
980,7550,55.34223
990,7550,60.02422
1000,7550,63.39898
1010,7550,66.87112
1020,7550,71.09338
1030,7550,74.61432
1040,7550,77.14259
1050,7550,79.14227
1060,7550,78.70573
1070,7550,75.50374
1080,7550,71.75764
1090,7550,70.54749
1100,7550,68.71645
1110,7550,66.48597
1120,7550,66.58681
1130,7550,65.30947
1140,7550,64.79864
1150,7550,64.08501
1160,7550,62.62169
1170,7550,62.20174
1180,7550,62.59324
1190,7550,63.40693
1200,7550,63.36118
1210,7550,64.86978
1220,7550,65.98994
1230,7550,67.50166
1240,7550,70.01179
1250,7550,72.92989
1260,7550,76.45367
1270,7550,78.36445
1280,7550,80.4479
1290,7550,84.44409
1300,7550,86.60905
1310,7550,88.86018
1320,7550,90.24715
1330,7550,91.87052
1340,7550,92.98177
1350,7550,95.2674
1360,7550,98.22459
1370,7550,99.97021
1380,7550,103.9107
1390,7550,106.0865
1400,7550,108.8677
800,7560,0
810,7560,0
820,7560,0
830,7560,0
840,7560,0
850,7560,0
860,7560,0
870,7560,0
880,7560,2.452253
890,7560,14.06513
900,7560,18.38388
910,7560,23.20966
920,7560,27.42795
930,7560,31.61471
940,7560,36.65515
950,7560,40.81466
960,7560,44.56787
970,7560,48.89324
980,7560,52.73318
990,7560,57.07453
1000,7560,59.81938
1010,7560,62.53423
1020,7560,64.7365
1030,7560,68.13245
1040,7560,69.15169
1050,7560,70.45374
1060,7560,71.32439
1070,7560,69.91519
1080,7560,66.67065
1090,7560,65.65794
1100,7560,64.33665
1110,7560,63.08572
1120,7560,62.06599
1130,7560,61.82465
1140,7560,60.16734
1150,7560,58.32855
1160,7560,57.76647
1170,7560,57.34466
1180,7560,57.66264
1190,7560,58.18916
1200,7560,58.64235
1210,7560,60.37313
1220,7560,60.84207
1230,7560,63.01612
1240,7560,65.67536
1250,7560,68.78213
1260,7560,71.88967
1270,7560,74.19544
1280,7560,76.3682
1290,7560,80.52267
1300,7560,82.92567
1310,7560,84.84515
1320,7560,86.72662
1330,7560,88.49618
1340,7560,89.34039
1350,7560,91.64078
1360,7560,94.30925
1370,7560,96.0593
1380,7560,99.53841
1390,7560,102.2175
1400,7560,105.3119
800,7570,0
810,7570,0
820,7570,0
830,7570,0
840,7570,0
850,7570,0
860,7570,0
870,7570,0
880,7570,0
890,7570,12.33885
900,7570,19.82282
910,7570,25.20986
920,7570,30.17731
930,7570,33.60402
940,7570,37.37238
950,7570,40.58689
960,7570,44.01841
970,7570,47.1093
980,7570,49.47992
990,7570,52.33054
1000,7570,55.46029
1010,7570,57.88972
1020,7570,60.16713
1030,7570,60.84928
1040,7570,61.25019
1050,7570,62.93898
1060,7570,63.182
1070,7570,62.86494
1080,7570,60.94234
1090,7570,60.89842
1100,7570,59.9072
1110,7570,58.4258
1120,7570,57.71912
1130,7570,57.62139
1140,7570,54.70641
1150,7570,52.53046
1160,7570,52.31722
1170,7570,52.63598
1180,7570,52.69779
1190,7570,53.00829
1200,7570,53.77919
1210,7570,54.90779
1220,7570,56.44566
1230,7570,58.6387
1240,7570,61.25034
1250,7570,64.43494
1260,7570,67.89925
1270,7570,70.25245
1280,7570,72.38099
1290,7570,76.67897
1300,7570,79.06519
1310,7570,81.47383
1320,7570,83.27167
1330,7570,84.8209
1340,7570,85.94396
1350,7570,88.67062
1360,7570,91.06145
1370,7570,92.14989
1380,7570,95.79099
1390,7570,98.72309
1400,7570,100.8377
800,7580,0
810,7580,0
820,7580,0
830,7580,0
840,7580,0
850,7580,0
860,7580,0
870,7580,0
880,7580,0
890,7580,7.945609
900,7580,18.76685
910,7580,25.02878
920,7580,30.17217
930,7580,33.63109
940,7580,37.83168
950,7580,39.52626
960,7580,41.44931
970,7580,43.65088
980,7580,45.67471
990,7580,47.43287
1000,7580,49.54914
1010,7580,52.23114
1020,7580,54.89922
1030,7580,56.04133
1040,7580,56.17949
1050,7580,57.20963
1060,7580,58.12439
1070,7580,58.05367
1080,7580,57.61126
1090,7580,56.80417
1100,7580,55.29176
1110,7580,53.23883
1120,7580,52.73301
1130,7580,51.86193
1140,7580,49.54565
1150,7580,48.7616
1160,7580,47.93895
1170,7580,48.09007
1180,7580,47.76709
1190,7580,48.27877
1200,7580,48.82719
1210,7580,49.73644
1220,7580,51.8803
1230,7580,54.24524
1240,7580,56.76362
1250,7580,59.77067
1260,7580,63.15926
1270,7580,65.12941
1280,7580,66.94341
1290,7580,71.30938
1300,7580,73.62283
1310,7580,75.91996
1320,7580,77.99206
1330,7580,79.51966
1340,7580,80.70721
1350,7580,83.44434
1360,7580,86.09753
1370,7580,87.31241
1380,7580,90.64053
1390,7580,93.12028
1400,7580,95.8914
800,7590,0
810,7590,0
820,7590,0
830,7590,0
840,7590,0
850,7590,0
860,7590,0
870,7590,0
880,7590,.4453059
890,7590,9.252855
900,7590,16.49592
910,7590,22.37584
920,7590,26.91101
930,7590,32.19712
940,7590,35.87731
950,7590,37.16386
960,7590,38.55145
970,7590,39.533
980,7590,41.53264
990,7590,43.07273
1000,7590,45.15855
1010,7590,46.18455
1020,7590,48.42359
1030,7590,50.48975
1040,7590,51.56698
1050,7590,52.4501
1060,7590,53.08865
1070,7590,53.28177
1080,7590,53.44344
1090,7590,52.97789
1100,7590,50.6707
1110,7590,49.41991
1120,7590,47.81105
1130,7590,45.98078
1140,7590,45.24934
1150,7590,43.89627
1160,7590,43.49068
1170,7590,43.26143
1180,7590,42.74915
1190,7590,43.01692
1200,7590,43.72481
1210,7590,44.65287
1220,7590,47.10475
1230,7590,49.54052
1240,7590,52.12348
1250,7590,55.27205
1260,7590,58.75243
1270,7590,60.94312
1280,7590,62.691
1290,7590,66.10455
1300,7590,67.99056
1310,7590,70.33845
1320,7590,72.38551
1330,7590,74.09175
1340,7590,75.61449
1350,7590,78.03801
1360,7590,81.01096
1370,7590,82.56111
1380,7590,85.9361
1390,7590,88.63133
1400,7590,90.92603
800,7600,0
810,7600,0
820,7600,0
830,7600,0
840,7600,0
850,7600,0
860,7600,0
870,7600,0
880,7600,0
890,7600,6.406142
900,7600,13.70704
910,7600,18.58383
920,7600,22.73996
930,7600,27.19557
940,7600,30.82351
950,7600,32.0115
960,7600,34.3166
970,7600,35.42424
980,7600,36.32745
990,7600,37.74584
1000,7600,39.01972
1010,7600,40.04288
1020,7600,42.06927
1030,7600,44.02576
1040,7600,45.90211
1050,7600,47.36377
1060,7600,48.24257
1070,7600,48.64457
1080,7600,48.75364
1090,7600,47.81774
1100,7600,46.3349
1110,7600,44.9523
1120,7600,42.9912
1130,7600,41.40992
1140,7600,40.31802
1150,7600,40.14132
1160,7600,38.94082
1170,7600,37.76628
1180,7600,37.44994
1190,7600,37.87741
1200,7600,37.89252
1210,7600,39.19614
1220,7600,41.85272
1230,7600,44.74115
1240,7600,47.7198
1250,7600,50.75174
1260,7600,54.47477
1270,7600,56.74309
1280,7600,58.59237
1290,7600,62.51003
1300,7600,64.62213
1310,7600,66.38696
1320,7600,67.67404
1330,7600,69.62682
1340,7600,71.34967
1350,7600,74.12577
1360,7600,76.63555
1370,7600,78.24963
1380,7600,81.78722
1390,7600,84.54395
1400,7600,86.59321
